   +0.02   -0.80   -0.25   -0.01   -0.02   -0.23   -0.04   -0.51   -0.01   -0.00
   -0.80   +6.50   -0.76   -1.08   -1.06   -0.78   -1.04   -0.40   -1.07   -1.09
   -0.25   -0.76   +2.01   +0.03   +0.03   +0.00   +0.03   -0.03   +0.03   +0.03
   -0.01   -1.08   +0.03   +0.11   +0.00   +0.02   +0.00   +0.05   +0.00   -0.00
   -0.02   -1.06   +0.03   +0.00   +0.20   -0.16   -0.01   -0.37   +0.01   +0.02
   -0.23   -0.78   +0.00   +0.02   -0.16   +1.89   +0.08   -0.12   +0.09   +0.10
   -0.04   -1.04   +0.03   +0.00   -0.01   +0.08   +0.32   +0.44   -0.02   -0.03
   -0.51   -0.40   -0.03   +0.05   -0.37   -0.12   +0.44   +4.11   +0.16   +0.16
   -0.01   -1.07   +0.03   +0.00   +0.01   +0.09   -0.02   +0.16   +0.13   +0.01
   -0.00   -1.09   +0.03   -0.00   +0.02   +0.10   -0.03   +0.16   +0.01   +0.03
